1628
4 287 421 5583 6255
4 5357 2094 4386 5796
4 9487 2584 8754 998
4 2861 6312 59 7923
4 7569 6632 7444 820
4 1729 604 6459 9004
4 4848 6839 9213 1524
4 4449 4318 4574 5744
4 9483 4100 7108 8479
4 5416 9620 2061 847
4 3015 2155 4644 4863
4 9247 7792 6668 3135
4 4631 2222 1492 7168
4 2687 2843 5570 44
4 453 1423 3295 4036
4 2932 8287 1385 6640
4 8004 8854 3273 6639
4 9813 674 3420 4695
4 5251 2598 3825 6762
4 1677 9959 1081 1114
4 4147 6756 5001 5592
4 8384 8689 7525 9818
4 864 5989 683 948
4 4106 6613 3942 5526
4 9888 8911 8320 4194
4 4473 5083 5211 9128
4 936 2459 2819 7515
4 8777 132 2968 4670
4 7819 2246 3484 7577
4 962 876 7863 8240
4 8814 2723 7939 7368
4 752 8837 9256 3457
4 8991 110 8392 3176
4 7208 7290 7950 371
4 2196 2728 7101 684
4 8636 281 2212 4808
4 8641 9267 5791 63
4 2499 6240 9614 714
4 2475 3656 4090 7259
4 1101 2064 9019 4916
4 5651 9894 1013 3678
4 7834 839 1491 2548
4 3024 3765 5048 7945
4 6170 7198 1071 1115
4 5945 9965 4685 7937
4 1233 2124 3302 4579
4 3272 3795 8152 9986
4 5042 384 2141 3647
4 6677 7104 9295 1734
4 2008 2070 7927 854
4 5773 6495 1707 2115
4 4430 8058 336 1164
4 1214 2080 4957 5046
4 7201 7540 443 2558
4 2922 4788 4917 5214
4 7409 8639 1341 7896
4 8063 3499 5653 7825
4 49 976 6702 7202
4 7961 1146 1830 4886
4 4964 6381 9307 3463
4 4509 6176 7313 9568
4 818 82 4983 3792
4 5295 6107 8612 3047
4 5772 7595 7757 3607
4 3940 4135 4874 5982
4 2727 3096 2228 2274
4 5713 8338 9305 3566
4 1210 3309 4322 7136
4 8485 8608 887 5310
4 7305 1851 3293 4240
4 6168 7543 71 4406
4 4925 6550 7516 8322
4 9433 1988 1203 6935
4 8745 9129 7551 9866
4 1671 4940 7 1812
4 4185 9527 8116 3437
4 4141 5383 47 4131
4 5219 7579 594 1322
4 1450 2456 3114 7326
4 8465 8851 9552 4167
4 2259 4235 4637 7359
4 4655 5006 5652 1934
4 3686 7583 9539 9690
4 532 2686 5873 2962
4 4074 4561 5494 7715
4 9525 3844 4657 8803
4 9263 727 2481 3072
4 8553 723 1050 1895
4 4847 7083 4475 6129
4 6957 2759 3357 4102
4 7447 8250 8387 9235
4 9532 9917 62 2982
4 4374 7088 2293 2736
4 7196 8736 1946 3519
4 8332 954 3196 213
4 7032 7308 7648 8375
4 859 4320 8010 9196
4 9946 1591 2045 5163
4 6547 9063 1418 1724
4 2726 4076 5777 6882
4 4619 5904 6611 7725
4 8193 8767 850 1568
4 2652 3689 6178 9106
4 992 2340 4402 5172
4 9119 2544 3155 8644
4 1433 4490 4638 4912
4 4995 9966 1621 2642
4 3170 3672 6558 9747
4 586 2085 2749 3648
4 3775 120 201 3757
4 5729 8626 9344 9576
4 3542 3781 5686 6038
4 6534 6913 7451 7494
4 7851 8601 4139 7643
4 6571 8478 774 4550
4 5931 6567 7148 8138
4 8397 2628 3889 5156
4 7464 7545 7814 403
4 1763 2323 3593 8186
4 9542 328 676 2862
4 2870 4150 4244 6134
4 9302 2795 3112 3376
4 3475 4058 6537 7862
4 18 2300 2308 8997
4 9151 9275 9713 58
4 4959 6467 6927 7079
4 8187 8865 9559 1383
4 2036 2213 2814 4390
4 5081 8233 8242 8267
4 9900 3451 3708 3840
4 3869 8115 4480 8259
4 1711 5609 6147 6171
4 7166 7445 7703 8506
4 9528 446 778 2123
4 3842 5845 7673 8616
4 8849 1160 2305 8079
4 9243 9320 9873 11
4 1049 1839 1936 2160
4 2267 3526 3583 5540
4 8094 245 654 1136
4 2243 2313 3126 4837
4 5096 8101 8430 333
4 1552 2023 6050 6123
4 6359 8167 9605 9514
4 2985 3950 4284 5136
4 5324 7726 8509 9921
4 687 2944 4551 5854
4 7385 7953 8036 8286
4 9374 373 2282 2920
4 4902 6300 6580 6777
4 7008 706 1767 2535
4 3106 3745 4498 5209
4 6842 7522 8367 9784
4 1231 1845 3618 3632
4 3899 6481 7466 9289
4 65 1427 2674 2817
4 3253 7922 9340 2203
4 5665 6060 8348 9856
4 177 2718 4690 5600
4 6985 6989 7026 8701
4 9283 9722 3002 5622
4 7756 8026 1359 3083
4 4151 4965 5919 7920
4 8346 8563 9111 780
4 1096 1996 2572 2941
4 4516 6582 6638 7050
4 8047 8697 8721 9691
4 1357 1817 3229 6313
4 7212 8834 9649 2619
4 6329 8253 9252 745
4 1085 2364 9778 522
4 1336 1372 2571 3485
4 4137 4951 5962 7209
4 9366 103 717 2009
4 2802 3356 4582 6316
4 6363 8839 9443 9779
4 251 565 709 1861
4 2112 4351 4352 6477
4 6602 8477 9751 6426
4 2351 5891 5909 8811
4 2905 3443 6994 7119
4 8199 9123 9154 9365
4 6 257 645 1340
4 3089 4259 5793 7629
4 9124 171 214 1976
4 2536 5492 7671 7981
4 8614 8751 332 1202
4 1510 1787 2095 3379
4 4884 6415 7330 9325
4 9585 1344 1701 2162
4 3496 4134 4293 4357
4 4477 7489 7911 8947
4 9546 9629 9806 60
4 3062 3214 3308 5239
4 5593 188 1001 1820
4 2957 4557 4867 5544
4 6666 8163 8200 8501
4 8923 9363 9968 750
4 877 1717 5149 5330
4 6914 8529 8835 9511
4 9930 9974 1975 4222
4 5236 5244 5518 5733
4 6956 7934 8003 8779
4 1505 4711 5332 5991
4 6297 6342 7057 7391
4 321 1351 1564 1800
4 2776 4727 4977 7613
4 8651 8658 9545 296
4 924 1364 1883 2575
4 3730 7677 9166 3750
4 4331 4696 6188 7415
4 7439 8040 8431 1249
4 1965 2245 3120 4572
4 5529 5758 5970 7153
4 7344 9962 791 1522
4 1747 7210 7647 8915
4 8990 9419 9426 2509
4 3579 4161 4415 4717
4 5028 5131 5808 7699
4 8168 8449 9550 1743
4 3473 5488 5683 5835
4 6738 7972 8056 8579
4 96 767 1061 1714
4 2043 2265 2573 3655
4 5074 5728 6042 6616
4 7824 8418 9271 9341
4 9397 6419 6627 7250
4 8866 9569 264 631
4 1200 1523 2952 3830
4 3845 5720 6144 8470
4 8548 8607 197 385
4 773 797 1178 1636
4 1889 3223 3834 4870
4 6742 7524 8625 9566
4 9626 9853 1508 2089
4 2809 3167 3306 5155
4 5553 6226 6309 6410
4 8487 8702 9572 9797
4 407 2055 3137 3978
4 4367 4960 6336 6377
4 8132 8659 9048 1476
4 1810 3905 4600 5375
4 5864 6192 7155 7436
4 7567 7748 8183 9250
4 730 1948 2612 3557
4 3673 4649 5610 278
4 1228 1998 2486 3271
4 3791 3870 4079 4524
4 6384 8671 9718 875
4 4043 4200 4861 6058
4 6769 9689 9952 283
4 2353 3001 5308 6028
4 6198 6747 8707 8940
4 9265 9746 9843 3857
4 3944 5476 7253 9871
4 85 1483 2912 5170
4 6010 6662 7302 8172
4 9078 432 1140 2000
4 3367 3997 7412 7443
4 8204 8297 8677 9507
4 263 836 884 915
4 1040 1587 1853 3278
4 4179 4527 4532 4706
4 6578 7118 7880 8453
4 9755 1720 2927 3028
4 4469 4607 5203 5207
4 6012 6146 6483 6981
4 7095 7103 8442 8683
4 513 995 3022 3728
4 3885 5803 5849 6110
4 6320 7696 7978 8670
4 9695 464 634 1224
4 1378 1821 2585 3508
4 6757 7319 7617 7618
4 8964 1037 1253 2877
4 3518 4474 4565 4617
4 4883 6370 7296 7603
4 8722 8929 1073 1681
4 1708 3037 3561 3736
4 3877 4307 5174 5197
4 6444 6498 7861 8750
4 8932 9908 1117 1526
4 1542 1684 1923 2939
4 3248 3362 3375 4786
4 4871 5785 7759 8692
4 8895 9359 9464 1484
4 2627 2937 4038 4439
4 5902 7536 8524 9599
4 520 1571 2488 3892
4 4361 7870 8328 3511
4 4292 4521 5278 5462
4 6296 6367 8874 8956
4 9880 2592 2798 3853
4 4975 5823 7678 7823
4 8466 8637 9197 916
4 1261 1833 3055 3107
4 3544 5341 5547 5839
4 6231 6656 7041 7178
4 9769 9849 17 56
4 172 174 970 1361
4 1712 2566 2600 4668
4 4946 5705 5941 6220
4 6577 6605 6965 7463
4 8527 9425 9907 9961
4 1726 2185 5378 5441
4 5998 6938 7255 9984
4 529 760 846 2368
4 5503 5548 6389 7130
4 7215 7238 10 145
4 3050 3769 4604 5250
4 6715 7363 8516 9014
4 9350 297 451 688
4 738 844 1234 1430
4 1570 1765 2106 3516
4 3746 3969 4663 4731
4 5151 5446 5563 6856
4 7740 8363 8931 9092
4 923 1122 1601 2716
4 3134 5271 5649 6583
4 6752 8714 9168 556
4 912 1197 1487 1827
4 2165 2766 5118 5325
4 5579 6205 6266 6364
4 6526 6540 7218 7624
4 7778 9597 9741 9895
4 139 164 926 1963
4 2407 3104 3540 4093
4 6133 7149 8239 9121
4 9161 117 2007 2221
4 2295 2649 3258 4491
4 4990 6396 7518 7558
4 8081 8673 8833 9182
4 9214 9450 356 2589
4 5913 8785 3629 7529
4 5231 6735 8197 643
4 8148 6655 2489 7796
4 5905 1248 7549 7064
4 728 5121 5886 8603
4 8733 8189 8437 9354
4 9529 865 7704 5515
4 9612 8407 6823 3904
4 4233 3626 2179 2117
4 8284 1561 7100 461
4 3505 8775 9765 2227
4 6404 9906 1287 2545
4 6476 9383 973 5918
4 2564 6584 3042 3142
4 766 1094 1713 7231
4 1742 3178 8873 7262
4 1396 9131 5427 4041
4 2342 3337 3186 9
4 3353 8452 1556 5090
4 7936 666 2331 2935
4 4112 3541 5616 8591
4 3715 2345 2096 8119
4 1388 6196 3893 7710
4 1737 4004 3697 3149
4 5052 7369 8585 4337
4 2395 1509 3913 5359
4 7267 7944 4392 2964
4 3896 6252 636 1353
4 3228 593 2994 4948
4 5192 4702 5101 6782
4 7135 5625 7145 9795
4 5514 9618 2752 5363
4 4044 5366 7316 9732
4 9942 5725 2828 3257
4 55 301 902 1673
4 3087 6273 6301 370
4 6425 3987 398 4405
4 4961 1004 1912 6541
4 6897 5602 7163 1955
4 463 7700 3 1429
4 7216 7544 7640 7642
4 137 559 1116 1152
4 1154 7878 1756 2060
4 2647 3368 8068 8298
4 208 525 8409 8502
4 8886 9152 9179 9225
4 67 9491 108 616
4 819 862 1227 1277
4 1574 1740 1652 1841
4 1958 1971 2288 2418
4 2805 3006 3753 4226
4 4355 4468 4714 4789
4 5060 5182 5206 5254
4 5329 5550 5578 5663
4 5718 6213 6387 6513
4 6904 7019 7229 7298
4 7546 2484 4230 5007
4 5013 5017 5948 8059
4 8161 211 2804 3674
4 4627 5574 5627 5899
4 6052 6451 7499 7839
4 8044 8650 8824 9246
4 9390 9594 7795 8534
4 8645 8870 9100 9367
4 9406 9647 1648 9710
4 9863 186 425 733
4 784 867 1495 1589
4 1809 2163 2239 2563
4 2841 3425 3438 3536
4 3798 4143 4508 4598
4 4634 5424 5534 5612
4 5658 5741 5825 5848
4 5952 6087 6629 6796
4 6814 7087 7948 8141
4 8310 8740 8941 9172
4 9232 9329 9553 9617
4 9870 9885 226 347
4 348 378 769 800
4 1376 1479 1563 1615
4 1661 1700 2201 2318
4 2344 2435 2577 2689
4 3208 3209 3712 3812
4 4693 4791 5510 5573
4 5611 2309 2879 3691
4 4126 5056 5875 6149
4 7152 7346 7692 8198
4 8293 5771 5958 6484
4 6620 7091 7349 7556
4 8564 9158 87 642
4 1010 2127 2555 2848
4 6680 7204 7983 8617
4 9135 9423 9570 9582
4 9590 128 189 383
4 480 628 719 789
4 1099 1403 1685 2152
4 3917 4290 4403 4518
4 4726 4906 4986 6125
4 6253 6748 7333 7365
4 7434 7441 7799 8103
4 8309 8321 8771 9314
4 9346 9555 9862 9876
4 349 415 441 633
4 958 1131 1196 1235
4 1494 1788 1909 1949
4 2012 2451 2470 2586
4 3213 4211 4709 4939
4 5183 5294 6102 6623
4 6721 7318 8247 9490
4 9719 656 2125 2811
4 3608 3828 5879 6157
4 6215 6645 7151 7278
4 7752 8305 8609 8653
4 9588 5316 5409 6692
4 6701 6917 7060 7140
4 7459 7541 7580 7758
4 7835 7946 8064 8086
4 3029 3276 3932 597
4 900 1735 1847 1866
4 1876 2872 3973 4555
4 6036 6731 7954 8606
4 9414 9471 9580 9776
4 8347 8493 9205 9819
4 9954 1015 1825 2590
4 2836 203 291 361
4 703 831 863 1119
4 1180 1188 1230 1284
4 1679 1799 1868 1993
4 2356 2382 2550 2878
4 3327 3784 3859 3860
4 3949 4996 5148 5343
4 5379 6279 6456 6457
4 8080 8282 8379 8686
4 8960 9323 9737 4
4 280 388 405 509
4 693 782 935 1105
4 1323 1335 1611 1732
4 1818 2035 2384 2483
4 2498 3247 3821 4621
4 5410 5694 5779 6843
4 7479 7507 7669 7807
4 7965 8406 8412 8726
4 8875 9372 9999 200
4 227 258 3239 3480
4 3677 3692 4650 4859
4 5487 5513 6193 6256
4 9286 268 922 1046
4 1074 1111 1133 1135
4 2324 2378 2579 2789
4 3394 3787 4254 4330
4 4344 4632 4633 4664
4 4675 178 289 4734
4 4950 5051 5699 5833
4 6085 6233 6407 7251
4 7307 7753 8410 8784
4 2516 8955 8970 8985
4 9102 9663 9807 318
4 1620 1943 931 1159
4 1464 1856 2538 4671
4 5824 7375 8652 9852
4 376 662 811 983
4 1029 1553 1987 2086
4 2311 2373 2386 2405
4 2541 2942 3292 3386
4 3389 3639 3922 4107
4 4461 4979 5356 5844
4 5977 6500 6635 6983
4 7667 7791 8461 8523
4 8791 9604 9636 9701
4 9724 9742 1311 1393
4 2226 4170 5815 6350
4 6685 6703 8134 8578
4 9382 9499 1632 1819
4 2697 3527 3808 3891
4 4522 4573 6531 9276
4 834 1129 1205 2999
4 3092 3132 4496 4792
4 5058 5061 5559 5981
4 6111 6152 7764 7888
4 8258 8434 124 151
4 307 1260 1877 1994
4 2732 4054 6206 6443
4 6741 6984 8468 8537
4 53 1718 1874 3895
4 4933 5094 6053 7105
4 7475 7875 8342 8684
4 9238 9407 9637 142
4 236 290 589 1562
4 1642 1888 2190 2705
4 3573 4725 4997 6228
4 7542 7734 8967 9241
4 9799 2091 2428 3980
4 4055 4611 4814 4857
4 6306 7413 7512 7777
4 9165 9675 9748 4661
4 4865 5371 5418 7610
4 7884 9326 9714 9730
4 253 2490 3297 4091
4 4592 4636 4692 4774
4 5710 6628 6651 6676
4 6932 7219 7361 7993
4 8032 8035 8907 9530
4 9602 9761 9864 540
4 1445 2020 2241 2765
4 4703 4875 4989 5644
4 6155 6849 7286 7406
4 7659 9376 362 648
4 735 1282 1837 2854
4 3558 3912 3924 4066
4 4363 4381 4716 5044
4 5235 5517 5794 6557
4 1440 2254 2565 2887
4 3654 3802 3839 3945
4 4187 4506 4926 5035
4 6326 6827 7090 7526
4 7662 7841 8123 8176
4 9523 9896 9976 898
4 1023 1595 2400 2461
4 3531 3553 4656 4771
4 4904 5020 5671 6365
4 6733 7003 7074 7594
4 8423 9016 534 1598
4 2806 3498 3567 4064
4 4089 4410 5916 6366
4 6380 6794 6976 7382
4 7733 8241 9650 9922
4 358 1339 1406 1467
4 2006 2081 2457 3422
4 4559 4773 5389 5474
4 5530 6289 6673 7037
4 8333 1332 1533 1723
4 2320 4412 5205 5355
4 6436 7356 7374 7432
4 7683 8597 9220 9368
4 9453 147 210 404
4 960 1471 2375 2783
4 3760 3906 4879 5336
4 5898 6076 6800 6988
4 7914 8432 8861 9456
4 9848 9988 1584 2907
4 4495 6361 6857 8019
4 146 909 1609 3323
4 3718 4375 4478 4720
4 5178 5457 5489 6490
4 6514 6778 7821 8376
4 8715 8889 8938 9468
4 9879 2381 2389 2462
4 3145 3704 4011 4639
4 4766 5086 5551 5633
4 6528 7419 7426 7534
4 7768 7785 7818 7943
4 8153 8648 9043 737
4 1021 2398 2401 2874
3 3244 3582 3617
3 4452 5856 5869
3 6784 7230 7249
3 7310 7530 8043
3 8150 8894 8898
3 9192 9361 9561
3 9684 9726 396
3 1529 2260 3595
3 3882 3914 6016
3 6340 7175 7592
3 8823 8845 9072
3 9703 150 1512
3 1922 1930 2129
3 3153 3299 3352
3 3559 3983 4026
3 4057 4953 5467
3 5776 5901 6208
3 6585 6870 7917
3 8299 8954 9631
3 39 198 635
3 835 1952 3371
3 3966 5085 5255
3 5380 5461 5865
3 5920 6202 7013
3 7990 8325 8425
3 8679 9122 9143
3 9222 9971 1090
3 1886 2191 3749
3 3985 4202 4467
3 4823 4907 5522
3 5832 6466 6834
3 7116 7454 7770
3 8712 8746 9429
3 32 359 512
3 804 947 3075
3 3188 3339 5531
3 5556 5724 6649
3 7010 7596 7956
3 7966 8238 8682
3 9062 9221 9549
3 9667 9802 711
3 1507 1822 2134
3 3129 3136 3564
3 4124 4704 5615
3 6724 7480 7689
3 9091 9183 9606
3 9734 9828 1347
3 1761 2277 2924
3 3011 3428 3811
3 4016 4640 4887
3 5896 5908 6184
3 6421 6700 7220
3 7221 7809 8519
3 9868 170 300
3 1100 1256 2148
3 2167 2343 2707
3 3322 4208 5756
3 6243 6574 6705
3 6873 7186 7731
3 7876 7970 8276
3 9173 0 313
3 849 1382 2024
3 3641 3694 3991
3 4465 4514 5047
3 5451 5566 5584
3 6160 6264 6446
3 6811 7964 8196
3 8263 8632 9096
3 471 611 2198
3 2278 2467 3020
3 3121 3724 5164
3 5939 6203 6248
3 6637 8264 8562
3 9459 9573 1047
3 1908 2495 2672
3 4335 4708 4949
3 5166 5277 5954
3 6553 6659 6681
3 6903 7984 8027
3 8517 8752 8908
3 9752 9978 1044
3 1157 1174 1199
3 2983 4659 5657
3 6015 6522 6596
3 6726 6942 7386
3 7424 7975 8133
3 9299 9583 9891
3 9987 9996 1179
3 1181 1569 2367
3 2875 3681 3818
3 4215 4340 4992
3 5040 5240 5860
3 5947 6648 7425
3 8711 8801 9068
3 9210 9328 433
3 541 708 1106
3 1411 1593 2337
3 3127 3203 3226
3 3412 4511 5362
3 5449 5721 6017
3 6112 7384 7727
3 9038 9633 562
3 2062 3517 4790
3 5173 5763 5836
3 6022 6719 7509
3 7521 8143 8222
3 9836 514 825
3 1381 1616 1668
3 1840 2506 2702
3 3031 3563 3894
3 4286 4419 4456
3 5536 5813 6246
3 6478 7500 8160
3 8210 9721 2025
3 2296 2601 4052
3 4206 5157 5496
3 6351 7555 8202
3 8413 8667 8696
3 8828 8863 8864
3 9486 608 889
3 968 1400 1751
3 1768 2120 3105
3 4359 4958 5730
3 6492 6713 7877
3 8139 8336 8810
3 70 465 1012
3 1409 1535 2159
3 2329 2437 2954
3 3330 3596 4092
3 4188 4742 5198
3 5872 6051 6275
3 6280 6864 7751
3 8006 8031 8876
3 8977 9920 9935
3 9995 234 240
3 530 919 955
3 1321 1843 2033
3 2578 3004 3235
3 3657 3809 3972
3 4228 4801 4858
3 4943 5368 6263
3 6960 7633 8919
3 9198 9269 9418
3 131 270 430
3 431 456 1062
3 1640 2746 3311
3 3926 4000 5082
3 5606 5751 6576
3 7397 7614 7729
3 7924 8089 8215
3 8454 9028 9187
3 9519 9600 9716
3 9768 97 372
3 500 620 978
3 1330 1750 1939
3 2193 2604 2661
3 2762 2786 2949
3 3939 4046 5208
3 6008 6097 6698
3 6964 7995 8137
3 9201 9332 9446
3 9699 9767 136
3 439 673 1036
3 1259 1744 1980
3 2072 2632 2977
3 3956 4301 4534
3 4796 5191 5986
3 6003 6161 6761
3 6890 7170 7663
3 8401 8447 9086
3 9431 9538 9584
3 9656 885 1475
3 1519 1796 2102
3 2514 2694 2713
3 2772 3212 3590
3 4221 4798 4942
3 5245 5482 6565
3 6824 6835 6844
3 7407 7457 7991
3 8180 8822 9398
3 9944 24 183
3 956 1318 1649
3 1961 2074 2399
3 2595 3280 3370
3 4104 6137 6352
3 8252 8326 8383
3 8435 8568 9413
3 37 86 1279
3 1694 2207 3060
3 3344 3793 4238
3 4387 4502 4635
3 4777 5666 5732
3 5752 6121 6197
3 6450 6463 6809
3 6887 7674 7800
3 7881 7895 8037
3 8859 9075 9083
3 9855 2881 2891
3 2953 3822 4783
3 4839 5994 6302
3 7461 7471 7554
3 7586 9036 458
3 487 602 756
3 1538 1755 3364
3 3543 4248 4358
3 4400 4595 5168
3 5897 6959 6963
3 6972 7320 7357
3 7362 7410 7724
3 7812 8314 8815
3 8900 9009 335
3 2144 2149 2210
3 2596 2608 2903
3 3052 3141 3951
3 4116 4399 4434
3 4596 5024 6311
3 6471 6915 7094
3 7206 7387 8093
3 8353 8766 8930
3 9035 9047 9094
3 9137 221 392
3 462 801 1371
3 1536 2028 2610
3 2741 2785 2956
3 3021 3347 3875
3 4339 4504 6332
3 6353 6506 8486
3 9114 9215 9564
3 9578 9838 40
3 1161 1678 1688
3 2837 2859 2892
3 3651 3789 4069
3 4994 5066 5628
3 6127 6448 6818
3 6925 7078 7602
3 7850 7889 9659
3 31 168 725
3 802 1453 2059
3 2412 2469 3887
3 4736 4877 4982
3 5181 5233 6148
3 6175 6232 8663
3 9709 9820 502
3 739 840 842
3 1009 1426 1778
3 2307 2683 2685
3 4097 4291 4688
3 5106 5125 6229
3 6328 6944 7557
3 7632 7694 7859
3 7959 8028 8438
3 8543 8737 9394
3 9651 9993 78
3 152 325 343
3 393 402 511
3 615 639 644
3 1220 1959 2101
3 2169 3012 3318
3 3841 4488 4549
3 5128 5817 6699
3 6725 7960 8022
3 8426 8576 9015
3 9223 9540 9595
3 9678 229 613
3 1043 1869 2950
3 4567 4689 4787
3 5558 5631 5719
3 5959 6473 7395
3 7742 8804 9489
3 34 68 793
3 848 2388 4031
3 4099 5190 5422
3 5676 5882 6034
3 7423 7803 7971
3 8256 8643 8950
3 9227 2242 2472
3 3123 3555 3679
3 3743 3903 4826
3 4855 4880 6315
3 6746 6952 7314
3 7532 7631 7697
3 7994 8097 8903
3 9957 13 20
3 252 305 413
3 467 579 640
3 1167 1270 1892
3 3515 3698 4723
3 4969 5443 5731
3 5850 5881 6005
3 6225 6452 7132
3 7430 7581 9887
3 9892 76 153
3 477 860 1502
3 1590 2002 2137
3 2164 2215 2304
3 2669 3396 3509
3 4047 4298 4811
3 5212 5951 6357
3 6922 7176 7666
3 8398 8571 8629
3 9274 9475 57
3 346 740 2929
3 3621 3665 4078
3 4173 4267 4451
3 4750 5863 5950
3 6046 6095 6189
3 6291 6479 6563
3 6674 7496 7826
3 9280 193 293
3 395 414 649
3 1369 1549 1586
3 1953 2019 2232
3 2358 2432 2527
3 2629 2898 3233
3 3246 3581 4155
3 4245 4246 4279
3 4554 4679 4922
3 5146 5161 5829
3 7036 7713 7906
3 7951 8212 9337
3 9524 83 937
3 949 1276 1416
3 2799 3146 3449
3 3761 3902 4249
3 4662 5026 5346
3 6104 6210 6544
3 6740 7024 7252
3 7565 7804 8206
3 8456 8821 8986
3 9065 9830 554
3 568 868 1084
3 1194 1286 1504
3 1650 2531 2533
3 2634 2751 2824
3 3161 3261 3482
3 3504 3838 4030
3 4311 4314 4747
3 5895 6244 7194
3 9157 9234 9313
3 9526 16 23
3 444 1516 1793
3 2529 2668 3263
3 3431 3748 3773
3 3806 4537 4653
3 4856 5200 5387
3 5714 6270 6630
3 7197 7236 7653
3 7743 7813 8229
3 8498 8675 9105
3 9294 9543 982
3 1031 1032 1118
3 1250 1514 1527
3 1532 2047 2303
3 3174 3332 3911
3 3930 4176 4328
3 4398 4501 4767
3 5401 5672 6258
3 6294 6664 7018
3 7490 7963 8277
3 8440 8965 9333
3 9458 9488 9496
3 9635 9692 9810
3 675 1201 1296
3 1452 1891 1986
3 2442 3316 4001
3 4578 4623 4841
3 4892 4914 5237
3 6245 6612 6828
3 6920 7150 7559
3 8201 8355 8642
3 8952 9551 9680
3 9958 1606 1618
3 2143 2264 2422
3 2671 2712 3125
3 3513 3824 3880
3 4713 4935 5059
3 5175 5199 5373
3 5834 5980 6430
3 6494 6510 6569
3 6693 6744 6822
3 6852 6962 8179
3 8289 8654 8727
3 8729 9085 9251
3 9260 9711 225
3 365 459 858
3 3099 3407 3747
3 4144 4164 4447
3 4605 4775 4898
3 5043 5641 5769
3 6093 7622 7761
3 8067 8177 8918
3 9002 9022 9149
3 9858 30 115
3 2328 3147 3570
3 4095 4407 5097
3 5400 6604 7237
3 7418 7828 7957
3 8235 8593 8808
3 8897 8981 9272
3 9655 123 185
3 1058 1806 1898
3 1951 2335 2402
3 3274 3547 4562
3 6118 6130 6600
3 6846 7600 7849
3 8382 8567 9181
3 9611 9624 9985
3 94 576 1110
3 1132 1669 1865
3 1978 2235 2570
3 2946 3355 4156
3 4482 4558 5098
3 5471 5831 6002
3 6126 6323 6398
3 6590 6727 6766
3 6851 7048 7190
3 7721 8108 8472
3 8756 8978 9073
3 1639 2046 2205
3 2220 2240 2466
3 4197 4325 4546
3 4694 4840 5077
3 5442 6078 6090
3 6472 6669 6899
3 6993 7085 7127
3 7247 7273 7315
3 7616 7665 7868
3 7899 8340 8388
3 8393 8753 8806
3 9771 9927 473
3 896 1288 1754
3 1835 2333 2582
3 2591 3078 3587
3 3615 3883 4489
3 4804 5019 5041
3 5505 5812 5944
3 6223 6304 6524
3 6711 7329 7634
3 7693 7805 8129
3 8372 8572 8734
3 9338 9613 9745
3 9859 160 516
3 899 1266 1271
3 1774 1848 2105
3 2216 2294 2911
3 3506 4564 5323
3 6774 7460 8640
3 22 101 143
3 419 1137 1192
3 1212 1313 1849
3 2234 2549 2730
3 3265 3324 3664
3 3878 3884 4172
3 5140 5189 5460
3 5613 5621 5702
3 5800 6356 6560
3 6671 6697 6739
3 6990 7275 7815
3 8573 9003 9013
3 9603 9877 9948
3 1086 1653 2136
3 2199 2237 2754
3 3038 3281 3439
3 3933 4308 4312
3 4746 5276 6803
3 7121 7123 7491
3 8021 8994 8996
3 9134 558 753
3 906 1699 2390
3 2453 2781 2793
3 3097 3402 3578
3 3849 4217 4255
3 5134 5171 5268
3 5397 6063 6064
3 6581 7686 7931
3 8773 9029 9261
3 9679 9744 276
3 339 726 953
3 1080 1165 1377
3 1807 1979 518
3 550 796 1127
3 1170 1461 1480
3 1488 1656 2016
3 2268 2289 2417
3 2852 3782 3873
3 4136 4196 4394
3 4599 4818 4918
3 5234 5426 5523
3 5598 5903 6023
3 6035 6414 6595
3 6636 6831 7510
3 8084 8411 8716
3 9008 9194 9230
3 9844 702 33
3 489 622 689
3 1422 499 1027
3 718 28 206
3 590 1056 457
3 1546 1983 2297
3 747 45 149
3 678 841 897
3 994 1048 417
3 1067 1704 1884
3 4442 355 1255
3 1365 1721 1913
3 1926 2037 2040
3 2078 204 2090
3 2130 2276 2458
3 2667 2670 2714
3 2815 2851 2938
3 2965 2973 2984
3 3160 3190 3200
3 3236 3359 3462
3 3709 3713 3779
3 4068 4201 4303
3 4338 4348 4499
3 4597 4673 4745
3 4869 4927 5143
3 5344 5348 5695
3 5704 5871 5930
3 381 6013 6071
3 6091 6092 6204
3 6207 6322 6608
3 6667 6732 6877
3 7027 7070 7084
3 7242 7411 7538
3 7609 7630 7701
3 7762 7765 8184
3 8315 8385 8427
3 8627 8705 8769
3 8943 8973 9049
3 9058 9064 9288
3 9402 9472 9518
3 9827 9831 9897
3 9925 173 342
3 491 741 794
3 2030 2410 2508
3 2676 2715 3199
3 3385 3827 4371
2 4425 5005
2 5177 5327
2 6158 6371
2 6434 7092
2 7322 7399
2 8164 8374
2 8491 8602
2 8731 9148
2 9162 9186
2 9533 9557
2 9632 9644
2 9717 409
2 621 872
2 1534 1918
2 1992 2825
2 2883 3008
2 3756 3819
2 3866 4220
2 4273 4369
2 4810 5187
2 5266 5413
2 5885 6242
2 6254 6420
2 6647 7340
2 7627 7706
2 7820 7992
2 8136 8725
2 8872 9342
2 9773 69
2 148 195
2 821 917
2 984 1045
2 1063 1206
2 1329 1415
2 1439 1554
2 1705 1897
2 1969 2747
2 2934 3225
2 3267 3794
2 3799 3935
2 4323 4435
2 4651 4978
2 5073 5210
2 5399 5643
2 5957 6678
2 7069 7228
2 7636 7712
2 7832 8857
2 9282 9609
2 9977 312
2 435 437
2 483 508
2 605 652
2 901 1610
2 1731 2166
2 2172 2427
2 2503 2803
2 2873 2884
2 3058 3144
2 3227 3466
2 3474 3620
2 4032 4103
2 4214 4237
2 4260 4356
2 4535 4807
2 5045 5167
2 5265 5361
2 5470 5840
2 5853 5883
2 5979 6174
2 6234 6480
2 6499 7033
2 7093 7165
2 7243 7264
2 7276 7393
2 7408 7547
2 7736 7938
2 8613 8728
2 8758 8879
2 9159 9327
2 9362 9963
2 179 194
2 987 1305
2 1654 2330
2 2425 2500
2 2996 3636
2 4224 4372
2 4758 4822
2 4860 5340
2 5350 5508
2 5745 6077
2 6654 6675
2 6841 6901
2 7097 7172
2 7416 7588
2 7793 7915
2 8142 8395
2 8507 8535
2 8570 8770
2 8778 8780
2 9011 9070
2 9775 9787
2 9822 111
2 118 184
2 192 209
2 303 596
2 1142 2170
2 2206 2556
2 2769 3082
2 3476 3530
2 3879 3984
2 4577 4732
2 4890 4891
2 4972 6187
2 6853 7059
2 7427 7639
2 7789 8117
2 8144 8311
2 8786 8877
2 9380 9415
2 9749 478
2 482 729
2 1614 1728
2 1831 2520
2 3044 3189
2 3777 4175
2 4285 4376
2 5067 5107
2 5279 5557
2 6128 6141
2 7086 7098
2 7561 7578
2 7856 7883
2 7942 8038
2 8114 8224
2 8361 8405
2 8417 8961
2 8975 9218
2 9264 9421
2 9571 9931
2 121 230
2 274 908
2 1485 1517
2 1695 1972
2 2485 2512
2 2771 2808
2 2812 2974
2 3493 3716
2 3717 3727
2 4523 4724
2 4952 5696
2 5747 5906
2 5983 5993
2 6156 6308
2 6411 6614
2 6902 7075
2 7590 7741
2 8061 8135
2 8244 8272
2 9436 9556
2 156 781
2 1350 1496
2 1625 2039
2 2098 3685
2 4232 4470
2 4699 4899
2 5483 5504
2 6177 6559
2 6682 6720
2 6833 6937
2 7045 7077
2 7187 7483
2 7606 7847
2 8002 8009
2 8075 8462
2 8530 9031
2 9793 61
2 256 311
2 424 507
2 574 833
2 1177 1226
2 1283 1749
2 1937 2110
2 2271 2272
2 2532 2602
2 2827 3635
2 4063 4098
2 4333 4845
2 5213 5304
2 5533 5617
2 5727 5870
2 6265 6428
2 6429 6545
2 6607 7017
2 7730 7864
2 8011 8045
2 8110 8220
2 8500 8542
2 8561 8698
2 8797 8880
2 9126 9736
2 36 125
2 971 981
2 1019 1089
2 1144 1314
2 1783 2406
2 2444 2621
2 2775 2951
2 3131 3381
2 3491 3817
2 3888 4613
2 4630 4678
2 5246 5253
2 6096 6132
2 6261 6520
2 7117 7233
2 7400 7786
2 8049 8166
2 8316 8464
2 8759 8789
2 8793 9759
2 9901 1325
2 1456 1458
2 219 472
2 828 1093
2 1172 1624
2 1730 1785
2 1855 2069
2 2302 2445
2 2491 2644
2 2679 2780
2 2844 2865
2 2869 2923
2 3093 3151
2 3388 3404
2 3556 3589
2 3627 3701
2 3711 3921
2 3979 4125
2 4166 4304
2 4364 4454
2 4471 4590
2 4654 4799
2 4905 5109
2 5230 5354
2 5374 5390
2 5565 5571
2 5654 5673
2 5735 5976
2 6061 6067
2 6194 6386
2 6422 6588
2 6758 6793
2 6802 7304
2 7722 7754
2 7784 7816
2 7837 8243
2 8301 8515
2 8622 8706
2 8843 8949
2 9109 9191
2 9279 9310
2 9422 9442
2 9452 9510
2 893 1404
2 1627 1665
2 1814 1867
2 1985 2068
2 2334 2731
2 3262 3300
2 3334 3442
2 3783 3965
2 4094 4910
2 5736 5770
2 6227 6373
2 6432 6517
2 6529 6953
2 7309 7684
2 7788 7903
2 8539 8618
2 8633 8987
2 9541 9731
2 9758 9809
2 9997 81
2 428 682
2 795 866
2 1006 1171
2 1326 1501
2 1513 1634
2 1696 1753
2 1804 1917
2 1984 2231
2 2298 2447
2 2657 3023
2 3053 3059
2 3108 3307
2 3690 4297
2 4427 4440
2 4588 4876
2 4913 4966
2 4980 5023
2 5158 5260
2 5262 5377
2 5382 5783
2 5938 6026
2 6971 7068
2 7248 7337
2 7404 7533
2 7550 8159
2 8494 8556
2 8635 8868
2 9301 9357
2 9457 9498
2 9686 406
2 538 803
2 903 959
2 1166 1622
2 1703 1789
2 2252 3268
2 3469 3993
2 4262 4305
2 5008 5480
2 5754 5907
2 6075 6293
2 6539 6551
2 6998 7022
2 7030 7138
2 7139 7292
2 7367 7682
2 7711 7830
2 7833 7929
2 8190 8441
2 8473 8850
2 8924 9007
2 9296 9521
2 9910 9932
2 182 1275
2 1307 1762
2 1932 2310
2 2357 2393
2 2583 2673
2 2900 3205
2 3266 3361
2 3534 3846
2 4591 4770
2 5472 5585
2 5632 5910
2 6021 6098
2 6237 6257
2 6412 6617
2 7067 7453
2 7514 7584
2 8555 8592
2 8968 9823
2 603 658
2 668 1149
2 1191 1824
2 2138 2645
2 3154 3286
2 3416 3705
2 3854 3963
2 4019 4048
2 4060 4283
2 4453 4793
2 4830 4843
2 4851 4893
2 4923 5010
2 5281 5693
2 5900 5926
2 6393 6519
2 6533 6799
2 6848 6859
2 7102 7129
2 7281 7523
2 7688 9042
2 9044 9548
2 9577 9698
2 25 224
2 275 341
2 452 698
2 921 1190
2 1612 1770
2 1878 2026
2 2385 2546
2 2664 2899
2 2928 2961
2 3169 3382
2 3591 3611
2 3803 3810
2 3994 4236
2 4571 4911
2 5100 5430
2 5640 6040
2 6222 6454
2 6643 6961
2 7000 7071
2 7574 7658
2 7985 8001
2 8085 8541
2 9189 9297
2 9311 9411
2 9861 9914
2 27 54
2 238 319
2 468 526
2 582 659
2 746 886
2 972 1302
2 1775 2153
2 2280 2656
2 2662 2709
2 3454 3523
2 3619 3696
2 3719 3990
2 4009 4691
2 5538 5809
2 5828 5838
2 6031 6119
2 6185 6195
2 6290 6334
2 6509 6592
2 6862 6923
2 7782 7852
2 7890 8000
2 8231 8334
2 8554 9059
2 9101 9146
2 9204 9229
2 9270 9554
2 9972 180
2 412 999
2 1134 1316
2 1667 1777
2 1873 2038
2 2525 2980
2 3156 3413
2 3754 4209
2 4525 4821
2 5386 5549
2 5635 6199
2 6283 6391
2 6491 6516
2 6772 6850
2 7011 7261
2 7488 7504
2 8034 8109
2 8118 9024
2 9720 9825
2 9933 379
2 422 573
2 1087 1237
2 1308 1725
2 1880 2010
2 2154 2758
2 3383 3645
2 3843 4034
2 4132 4174
2 4252 4520
2 4556 4581
2 4705 4987
2 5014 5227
2 5257 5697
2 5778 5859
2 5949 6163
2 6792 7222
2 8098 8318
2 8344 8508
2 8546 8757
2 9150 9336
2 9400 154
2 360 533
2 583 911
2 986 1290
2 1374 1401
2 1664 1915
2 1964 2431
2 2706 2733
2 2858 3201
2 3340 3546
2 3628 3643
2 3788 4062
2 4438 4976
2 5029 5049
2 5108 5153
2 5342 5406
2 5466 5527
2 5539 5619
2 5820 6631
2 7005 7042
2 7183 7822
2 7882 7921
2 8511 9164
2 9321 9638
2 9833 9929
2 93 302
2 575 630
2 883 1147
2 1148 1497
2 2083 2192
2 2279 2553
2 2807 3035
2 3088 3275
2 3301 3464
2 3752 3816
